000232.jpg 704 173 723 194 0
000044.jpg 698 213 716 231 0
900609.jpg 296 243 316 262 0
000121.jpg 676 224 695 245 0
000386.jpg 709 213 728 234 0
900399.jpg 288 217 310 235 1 163 220 196 237 1 396 187 413 241 1
900754.jpg 279 220 298 245 1 186 174 218 249 1
100033.jpg 196 208 214 239 1 706 232 729 254 0
900282.jpg 315 222 335 238 0
100041.jpg 1238 248 1254 276 1 709 199 732 221 0
000220.jpg 733 247 752 268 0
900045.jpg 214 295 233 311 0
100240.jpg 109 116 131 167 1 781 213 801 230 0
100177.jpg 184 177 207 249 1 733 232 752 250 0
900441.jpg 323 278 345 294 0
000057.jpg 676 254 694 272 0
900763.jpg 304 172 323 205 1
900771.jpg 342 116 364 139 1
000323.jpg 726 179 745 200 0
100022.jpg 829 187 848 243 1 724 215 742 234 0
000216.jpg 742 211 761 232 0
900306.jpg 328 211 348 226 0
900635.jpg 299 201 320 220 0
000255.jpg 689 200 708 221 0
000391.jpg 700 241 719 262 0
900610.jpg 292 244 312 263 0
900846.jpg 379 241 401 277 1
900404.jpg 298 237 320 255 1
100178.jpg 281 221 300 248 1 734 232 755 254 0
900539.jpg 338 196 360 216 0
900347.jpg 280 214 303 232 0
900075.jpg 261 293 278 310 0
100070.jpg 57 165 70 188 1 358 190 375 211 1 742 236 761 258 0
900588.jpg 312 220 332 239 0
900098.jpg 253 248 272 268 0
000350.jpg 734 175 753 196 0
000020.jpg 672 251 690 268 0
900110.jpg 306 291 325 309 0
900452.jpg 306 238 328 254 0
000352.jpg 691 221 710 242 0
900554.jpg 309 235 329 253 0
000030.jpg 653 327 671 344 0
900494.jpg 339 203 360 229 0
000195.jpg 645 184 664 205 0
900130.jpg 302 289 321 305 0
900195.jpg 276 264 293 281 0
900752.jpg 278 226 305 240 1 185 171 215 240 1
900843.jpg 382 273 397 292 1
900247.jpg 307 214 325 231 0
900251.jpg 283 188 301 205 0
900208.jpg 287 206 304 223 0
100012.jpg 567 200 597 240 1 804 206 834 246 1 696 221 717 242 0
900814.jpg 92 275 116 301 1
100039.jpg 199 202 214 238 1 1238 248 1254 276 1 704 211 726 231 0
100028.jpg 209 188 225 212 1 719 238 738 257 0
900213.jpg 277 172 297 192 0
900335.jpg 307 210 330 228 0
900059.jpg 249 269 272 286 0
900353.jpg 291 207 314 225 0
900277.jpg 310 147 328 165 0
900557.jpg 307 227 327 245 0
900841.jpg 404 261 418 292 1
900581.jpg 344 126 359 209 1 360 191 377 209 0
900336.jpg 338 236 361 254 0
900591.jpg 313 209 333 228 0
100173.jpg 188 158 211 230 1 738 246 760 267 0
100063.jpg 60 198 73 221 1 750 278 767 297 0
000392.jpg 718 205 737 226 0
000381.jpg 695 225 714 246 0
900715.jpg 83 71 98 97 1 307 37 338 119 1
900189.jpg 276 199 294 217 0
900060.jpg 250 292 270 306 0
100132.jpg 299 91 327 148 1 755 184 779 204 0
100215.jpg 66 136 86 170 1 742 207 765 227 0
900620.jpg 343 188 364 211 0
100056.jpg 762 215 781 238 0
000063.jpg 702 251 719 278 0
900646.jpg 209 176 232 206 1
000266.jpg 737 165 756 186 0
100068.jpg 62 177 75 200 1 740 243 764 268 0
100181.jpg 281 215 300 242 1 736 225 760 246 0
900514.jpg 336 165 358 185 0
100185.jpg 297 193 316 220 1 747 209 767 233 0
100257.jpg 67 163 89 239 1 729 200 749 222 0
900433.jpg 333 201 358 219 1
900710.jpg 301 32 337 125 1
100038.jpg 1238 251 1252 277 1 200 207 215 243 1 702 215 724 236 0
000064.jpg 677 263 690 283 0
900487.jpg 363 281 376 298 1 338 269 356 292 0
900067.jpg 243 234 263 253 0
100034.jpg 195 214 213 245 1 705 231 724 251 0
900178.jpg 211 242 231 260 0
100147.jpg 93 138 116 177 1 793 232 815 255 0
000142.jpg 693 252 712 273 0
100072.jpg 55 166 71 185 1 351 178 371 204 1 735 233 758 256 0
900202.jpg 247 216 264 232 0
900007.jpg 282 297 304 320 0
900333.jpg 308 215 331 233 0 231 194 257 228 1
900233.jpg 303 199 321 216 0
900170.jpg 296 211 315 228 0
100216.jpg 742 206 762 227 0
100021.jpg 823 170 840 246 1 716 217 740 239 0
900010.jpg 208 255 226 272 0
100141.jpg 78 81 99 112 1
900199.jpg 225 183 243 200 0
900171.jpg 238 226 257 244 0
900688.jpg 351 150 376 183 1
900204.jpg 240 199 258 215 0
900363.jpg 304 233 327 251 0
900408.jpg 288 236 308 255 1
900028.jpg 195 211 214 230 0
900528.jpg 369 199 391 219 0
100203.jpg 761 120 790 209 1 786 191 807 211 0
000159.jpg 703 242 722 263 0
900313.jpg 260 222 280 241 0
000343.jpg 722 203 741 224 0
900455.jpg 303 234 325 250 0
900486.jpg 339 268 358 290 0 364 277 376 298 1
000407.jpg 717 201 736 222 0
900184.jpg 240 198 260 215 0
900849.jpg 381 238 402 272 1
000408.jpg 732 230 751 251 0
100168.jpg 197 118 221 196 1 745 240 765 266 0
900428.jpg 323 174 343 191 1
000170.jpg 654 216 673 237 0
000382.jpg 746 168 765 189 0
900225.jpg 264 180 285 197 0
000087.jpg 698 267 716 288 0
000289.jpg 693 200 712 221 0
900453.jpg 306 239 328 255 0
900642.jpg 393 245 405 276 1
900325.jpg 295 224 318 242 0
900531.jpg 362 172 384 192 0
900488.jpg 337 266 356 288 0 362 275 377 296 1
900122.jpg 264 277 283 296 0
900427.jpg 319 174 339 191 1
000177.jpg 761 203 780 224 0
100158.jpg 218 123 236 147 1 81 97 103 149 1 776 170 798 190 0
000091.jpg 677 239 695 260 0 677 237 695 258 0
000364.jpg 726 224 745 245 0
900439.jpg 323 277 345 293 0
000178.jpg 742 163 761 184 0
900622.jpg 326 155 347 178 0
900052.jpg 259 274 278 290 0
000049.jpg 694 273 712 291 0
900334.jpg 262 173 285 191 0
900396.jpg 278 222 300 240 1 383 167 405 243 1 152 215 184 243 1
000322.jpg 665 204 684 225 0
900659.jpg 204 196 222 230 1
900595.jpg 317 209 337 228 0
900398.jpg 284 220 306 238 1 392 167 411 244 1 160 218 188 243 1
100206.jpg 56 191 75 217 1 743 232 760 248 0
000078.jpg 671 233 689 254 0
900611.jpg 289 245 309 264 0
900048.jpg 267 277 285 294 0
900512.jpg 333 168 355 188 0
100015.jpg 800 184 829 243 1 571 201 596 244 1 697 219 719 243 0
100080.jpg 350 144 375 180 1 731 214 751 231 0
900188.jpg 319 228 339 246 0
000330.jpg 667 224 686 245 0
900068.jpg 235 273 255 292 0
000212.jpg 683 197 702 218 0
900214.jpg 264 202 284 222 0
900476.jpg 358 162 378 177 0 384 101 407 185 1
000354.jpg 713 211 732 232 0
900664.jpg 72 140 84 151 1
900275.jpg 337 187 355 205 0
900826.jpg 70 87 86 172 1
900106.jpg 255 246 276 265 0
100245.jpg 81 105 105 167 1 751 151 773 169 0
100197.jpg 760 99 789 188 1 782 169 802 187 0
900599.jpg 317 225 337 244 0
900324.jpg 289 214 312 232 0
900212.jpg 247 214 267 234 0
100097.jpg 811 97 835 180 1 786 153 806 174 0
900709.jpg 302 45 328 136 1
900139.jpg 284 234 303 248 0
000397.jpg 739 210 758 231 0
900462.jpg 293 192 315 208 0
900388.jpg 273 222 290 240 1 142 195 168 237 1 379 228 407 252 1
100189.jpg 313 159 336 188 1 734 154 763 219 1 761 196 779 216 0
900632.jpg 297 145 318 164 0
100229.jpg 104 167 122 222 1 729 244 750 266 0
100256.jpg 66 151 88 227 1 727 186 745 210 0
900047.jpg 235 266 255 283 0
900695.jpg 342 131 369 170 1
000006.jpg 667 250 686 270 0
900321.jpg 331 231 354 249 0
900255.jpg 323 160 341 177 0
900294.jpg 244 237 265 254 0
100081.jpg 350 139 375 175 1 728 207 747 225 0
900736.jpg 83 77 103 151 1 213 105 235 152 1
900711.jpg 300 32 333 121 1
100140.jpg 311 81 340 130 1 79 75 100 106 1
100014.jpg 569 203 592 243 1 803 189 832 248 1 697 218 717 239 0
900546.jpg 317 242 337 260 0
900831.jpg 67 124 86 213 1
900310.jpg 323 262 343 281 0
900385.jpg 279 227 299 246 1 148 198 172 240 1
000351.jpg 714 179 733 200 0
900289.jpg 236 222 257 239 0
900383.jpg 292 229 312 248 1 160 196 183 236 1
900192.jpg 219 235 237 254 0
000313.jpg 756 175 775 196 0
000239.jpg 726 218 745 239 0
100143.jpg 75 93 94 147 1 745 215 765 236 0
000393.jpg 689 240 708 261 0
900551.jpg 312 243 332 261 0
000188.jpg 709 227 728 248 0
900556.jpg 308 232 328 250 0
100095.jpg 808 106 833 175 1 782 147 802 168 0
900598.jpg 318 220 338 239 0
900002.jpg 306 215 328 235 0
900216.jpg 299 246 319 266 0
100225.jpg 114 140 131 178 1
000162.jpg 688 200 707 221 0
900669.jpg 64 181 77 203 1
000050.jpg 698 294 716 312 0
900821.jpg 85 97 103 169 1
900628.jpg 301 114 322 134 0
900224.jpg 245 207 266 224 0
900496.jpg 341 197 357 215 0
000205.jpg 739 189 758 210 0
900530.jpg 364 181 386 201 0
000261.jpg 620 182 639 203 0
100188.jpg 736 166 762 221 1 309 169 332 198 1 756 206 777 223 0
900013.jpg 259 277 277 293 0
000168.jpg 675 268 694 289 0
900155.jpg 193 219 212 234 0
900149.jpg 306 233 326 249 0
900366.jpg 266 239 289 257 0
900036.jpg 262 190 281 207 0
900015.jpg 235 260 251 277 0
100037.jpg 193 216 214 247 1 1239 256 1253 282 1 700 221 725 238 0
100126.jpg 290 135 317 208 1 755 214 778 231 0
900307.jpg 326 233 346 248 0
900535.jpg 351 167 373 187 0
000053.jpg 685 271 703 289 0
000153.jpg 702 274 721 295 0
000084.jpg 692 262 710 283 0
900406.jpg 291 238 313 256 1
100159.jpg 81 97 101 148 1 217 113 236 152 1 771 180 791 201 0
000217.jpg 714 194 733 215 0
100187.jpg 301 180 320 207 1 730 186 755 226 1 755 207 772 223 0
900003.jpg 246 222 267 240 0
000095.jpg 674 283 692 304 0
000110.jpg 667 193 685 214 0
000362.jpg 742 182 761 203 0
900484.jpg 344 252 364 272 0 367 244 387 281 1
900764.jpg 311 163 329 196 1
000038.jpg 687 280 707 300 0
000093.jpg 710 291 728 312 0
000259.jpg 749 247 768 268 0
900707.jpg 298 66 323 154 1
900589.jpg 314 216 334 235 0
000283.jpg 715 182 734 203 0
000247.jpg 711 249 730 270 0
000355.jpg 733 192 752 213 0
100133.jpg 303 79 331 136 1 756 177 779 197 0
000059.jpg 641 287 659 305 0
900126.jpg 270 252 287 270 0
000207.jpg 746 225 765 246 0
900545.jpg 320 233 340 251 0
900663.jpg 223 158 241 192 1
000305.jpg 672 178 691 199 0
900151.jpg 253 226 272 244 0
000108.jpg 682 232 700 253 0
100122.jpg 297 158 321 197 1 295 156 319 195 1 760 192 784 216 0
000414.jpg 682 220 701 241 0
900795.jpg 116 129 135 154 1 70 124 91 149 1
000380.jpg 703 263 722 284 0
900379.jpg 311 223 334 241 0 180 192 204 226 1
100036.jpg 1234 266 1255 291 1 194 215 215 246 1 702 224 725 248 0
900317.jpg 321 235 344 253 0
000155.jpg 709 231 728 252 0
900749.jpg 190 129 218 226 1
100239.jpg 114 127 136 164 1 784 220 809 240 0
100195.jpg 337 112 361 144 1 755 109 783 190 1 781 170 799 191 0
000097.jpg 671 265 689 286 0
900468.jpg 348 146 368 166 0 373 121 395 171 1
900472.jpg 357 145 377 165 0 382 105 404 171 1
100077.jpg 354 165 373 195 1 727 233 750 249 0
900823.jpg 77 93 95 167 1
000208.jpg 703 197 722 218 0
900006.jpg 261 250 281 269 0
100224.jpg 116 134 131 173 1
100024.jpg 739 232 761 255 0
900577.jpg 342 108 361 188 1 360 171 378 191 0
000353.jpg 704 219 723 240 0
900672.jpg 62 194 74 219 1
900834.jpg 72 234 95 253 1
100202.jpg 761 113 790 202 1 788 182 805 200 0
000202.jpg 737 199 756 220 0
000158.jpg 703 275 722 296 0
900800.jpg 113 124 136 175 1
100212.jpg 60 163 80 197 1 741 213 761 230 0
900271.jpg 246 181 265 199 0
000076.jpg 686 246 704 267 0
900055.jpg 230 263 251 279 0
900753.jpg 279 219 297 243 1 185 172 216 245 1
900043.jpg 270 216 291 230 0
100100.jpg 807 137 834 203 1 782 172 805 192 0
900042.jpg 234 295 256 311 0
900810.jpg 93 214 118 274 1
900475.jpg 359 157 379 172 0 384 99 408 181 1
900482.jpg 350 222 370 242 0 374 221 394 250 1
900590.jpg 315 212 335 231 0
900283.jpg 250 238 270 254 0
000002.jpg 686 203 705 224 0
900811.jpg 90 256 112 283 1
100198.jpg 761 99 790 188 1 786 171 802 191 0
900311.jpg 306 175 326 194 0
900550.jpg 312 244 332 262 0
900583.jpg 316 220 336 239 0
100156.jpg 87 94 103 149 1 782 165 802 185 0
900198.jpg 288 195 306 213 0
000036.jpg 697 192 719 213 0
900278.jpg 331 177 349 195 0
900537.jpg 344 181 366 201 0
900652.jpg 196 205 216 238 1
000151.jpg 704 257 723 278 0
900563.jpg 318 211 338 229 0
000242.jpg 663 247 682 268 0
900053.jpg 222 284 241 299 0
100065.jpg 62 193 75 216 1 749 268 768 287 0
900250.jpg 222 223 241 240 0
900631.jpg 297 137 318 156 0
900636.jpg 299 230 320 249 0
900293.jpg 265 218 285 235 0
000389.jpg 646 178 665 199 0
000015.jpg 675 262 694 282 0
900527.jpg 368 212 390 232 0
000150.jpg 734 244 753 265 0
900240.jpg 268 180 286 197 0
900477.jpg 358 166 378 181 0 384 134 405 189 1
100053.jpg 764 186 780 205 0
000302.jpg 711 233 730 254 0 709 231 728 252 0
000022.jpg 697 237 715 254 0
900040.jpg 219 255 238 274 0
000257.jpg 695 185 714 206 0
900252.jpg 309 185 327 202 0
000014.jpg 684 274 703 294 0
900065.jpg 259 252 275 266 0
900231.jpg 208 229 227 246 0
900119.jpg 278 289 298 306 0
100057.jpg 762 224 783 244 0
100098.jpg 809 104 833 187 1 783 161 806 182 0
000081.jpg 671 292 689 313 0
000249.jpg 632 244 651 265 0
100232.jpg 94 202 112 257 1 721 244 745 268 0
900373.jpg 236 198 260 216 0
900687.jpg 58 149 72 164 1 350 152 377 191 1
900744.jpg 62 101 94 186 1 195 111 225 194 1
000152.jpg 704 218 723 239 0
900479.jpg 354 186 374 201 0 382 149 404 211 1
100075.jpg 355 170 371 203 1 56 155 75 180 1 731 238 755 258 0
900784.jpg 57 184 74 221 1
900341.jpg 275 264 298 282 0
900349.jpg 259 234 282 252 0
900699.jpg 294 152 322 197 1
900656.jpg 194 208 216 245 1
100253.jpg 64 119 86 195 1 723 138 746 156 0
100067.jpg 61 184 74 207 1 745 254 765 271 0
900743.jpg 65 87 95 174 1 196 108 229 184 1
900637.jpg 303 258 324 277 0
900145.jpg 288 272 305 288 0
000356.jpg 750 236 769 257 0
900168.jpg 208 218 226 234 0
900790.jpg 61 131 80 179 1
100165.jpg 205 108 226 175 1 68 115 90 165 1 751 227 773 246 0
900285.jpg 264 181 285 196 0
100107.jpg 791 261 814 294 1 766 265 790 287 0
900693.jpg 345 127 370 165 1
900658.jpg 200 204 217 237 1
900280.jpg 267 206 287 222 0
900248.jpg 310 198 328 215 0
100117.jpg 767 205 792 225 0
000321.jpg 683 188 702 209 0
900112.jpg 262 287 283 306 0
000421.jpg 697 249 716 270 0
900174.jpg 286 147 305 166 0
900454.jpg 306 238 328 254 0
100228.jpg 106 169 123 207 1 734 243 755 265 0
000277.jpg 748 161 767 182 0
900760.jpg 290 188 314 225 1
100131.jpg 296 98 324 155 1 756 187 778 209 0
900016.jpg 262 265 279 282 0
100045.jpg 1248 248 1264 279 1 722 184 743 205 0
900207.jpg 272 230 289 247 0
000018.jpg 679 255 697 272 0
000284.jpg 669 186 688 207 0
900702.jpg 291 136 319 206 1
900802.jpg 110 128 138 186 1 74 173 90 182 1
900847.jpg 380 237 402 275 1
900141.jpg 280 244 298 260 0
000116.jpg 699 266 718 287 0
900698.jpg 297 158 324 194 1
900087.jpg 225 280 246 298 0
900025.jpg 260 254 280 274 0
000420.jpg 647 253 666 274 0
000346.jpg 755 230 774 251 0
000314.jpg 739 189 758 210 0
900276.jpg 293 203 311 221 0
000041.jpg 646 254 666 274 0
100060.jpg 67 184 80 207 1 751 266 773 285 0
100031.jpg 200 199 218 230 1 711 234 732 256 0
000319.jpg 697 202 716 223 0
900395.jpg 275 222 297 240 1 148 214 176 245 1 381 177 401 242 1
100061.jpg 63 199 76 222 1 748 276 773 300 0
900210.jpg 321 225 341 245 0
900617.jpg 361 219 381 239 0
000396.jpg 720 180 739 201 0
900058.jpg 214 285 233 303 0
100138.jpg 310 73 333 115 1 83 71 99 98 1
900338.jpg 291 237 314 255 0
100029.jpg 205 196 225 220 1 718 236 738 260 0
900133.jpg 292 271 310 287 0
000374.jpg 735 210 754 231 0
900544.jpg 324 228 344 246 0
100009.jpg 572 200 598 239 1 701 223 724 244 0
000013.jpg 689 303 708 323 0
000367.jpg 670 228 689 249 0
000085.jpg 670 305 688 326 0
900739.jpg 209 100 233 165 1 77 76 101 155 1
900621.jpg 335 172 356 195 0
100149.jpg 96 116 114 171 1 797 211 816 232 0
100099.jpg 808 118 833 192 1 785 164 805 184 0
900181.jpg 266 230 284 248 0
900062.jpg 274 248 295 271 0
100192.jpg 740 132 771 197 1 326 140 352 166 1 768 184 791 201 0
000137.jpg 720 259 739 280 0
900513.jpg 334 167 356 187 0
900235.jpg 263 203 281 220 0
900526.jpg 368 223 390 243 0
900829.jpg 69 89 84 195 1
900239.jpg 324 248 342 266 0
900409.jpg 285 236 302 253 1
900297.jpg 271 211 291 228 0
900226.jpg 269 250 287 267 0
900435.jpg 331 222 356 240 1
100059.jpg 67 176 80 199 1 754 256 774 277 0
100193.jpg 329 131 355 157 1 747 124 775 202 1 773 180 791 198 0
000339.jpg 651 210 670 231 0
900684.jpg 58 157 73 176 1 352 167 376 203 1
900543.jpg 327 226 347 244 0
900203.jpg 281 224 301 241 0
100005.jpg 585 206 608 238 1 714 227 738 249 0
000171.jpg 619 215 638 236 0
000342.jpg 680 169 699 190 0
900667.jpg 70 169 80 180 1
100227.jpg 108 163 125 201 1
900001.jpg 258 203 280 223 0
000102.jpg 730 253 748 274 0
900647.jpg 209 178 227 212 1
100246.jpg 79 93 101 169 1 744 139 765 157 0
900284.jpg 270 205 290 221 0
100136.jpg 312 59 338 116 1
900572.jpg 331 121 348 191 1 348 174 368 193 0
000104.jpg 701 319 719 340 0
900615.jpg 286 246 306 266 0
000191.jpg 733 233 752 254 0
000320.jpg 692 176 711 197 0
900078.jpg 272 246 293 264 0
900328.jpg 239 227 263 245 0
900137.jpg 276 277 294 293 0
900542.jpg 330 219 350 237 0
100217.jpg 115 144 131 164 1 742 209 764 230 0
900431.jpg 331 184 356 202 1
000201.jpg 686 148 705 169 0
100172.jpg 191 148 214 220 1 736 247 759 266 0
900287.jpg 236 205 256 224 0
900191.jpg 209 191 226 207 0
000145.jpg 689 300 708 321 0
000415.jpg 641 275 660 296 0
000236.jpg 727 246 746 267 0
000245.jpg 692 179 711 200 0
000077.jpg 675 283 693 304 0
000086.jpg 686 292 704 313 0
900580.jpg 345 126 361 200 1 361 182 380 201 0
100162.jpg 212 101 232 159 1 79 86 96 156 1 764 206 783 225 0
000379.jpg 726 220 745 241 0
900295.jpg 238 226 259 243 0
900645.jpg 214 172 232 201 1
900132.jpg 272 318 289 333 0
000373.jpg 689 170 708 191 0
900243.jpg 237 214 256 231 0
900639.jpg 302 288 323 307 0
900440.jpg 322 281 344 297 0
900340.jpg 297 221 320 239 0
900035.jpg 270 190 293 212 0
000031.jpg 659 302 677 319 0
900081.jpg 246 199 267 218 0
000243.jpg 676 213 695 234 0
000337.jpg 764 186 783 207 0
900731.jpg 90 85 107 152 1
900420.jpg 284 199 304 216 1
100171.jpg 192 149 215 221 1 739 246 763 266 0
100007.jpg 577 206 600 238 1 706 228 725 251 0
900822.jpg 80 97 101 167 1
900815.jpg 116 129 138 163 1
000211.jpg 644 234 663 255 0
900726.jpg 92 109 118 165 1
900351.jpg 200 234 224 252 0
000005.jpg 664 255 683 275 0
900740.jpg 76 77 100 159 1 206 101 232 167 1
000156.jpg 746 201 765 222 0
900506.jpg 326 204 348 224 0
900718.jpg 76 86 93 127 1 308 72 330 151 1
100236.jpg 91 240 109 295 1 712 246 732 265 0
900146.jpg 263 203 281 217 0
100086.jpg 339 137 368 171 1 716 189 738 211 0
000411.jpg 696 239 715 260 0
900054.jpg 245 285 264 300 0
100250.jpg 67 98 89 174 1 728 118 748 140 0
900332.jpg 334 218 357 236 0
900228.jpg 253 168 271 185 0
000199.jpg 679 199 698 220 0
900288.jpg 298 179 318 196 0
000023.jpg 715 287 733 304 0
100146.jpg 59 131 80 182 1 735 239 754 258 0
900593.jpg 317 206 337 225 0
900579.jpg 346 125 362 196 1 361 180 380 199 0
100043.jpg 1243 247 1259 278 1 717 191 736 209 0
900246.jpg 310 167 328 184 0
900766.jpg 317 147 337 181 1
000125.jpg 687 253 706 274 0
000146.jpg 728 285 747 306 0
900521.jpg 318 214 340 234 0
900327.jpg 292 245 315 263 0
900457.jpg 301 220 323 236 0
900697.jpg 340 130 365 180 1
900039.jpg 241 225 260 244 0
900066.jpg 252 287 267 303 0
900724.jpg 95 132 114 170 1
100020.jpg 586 207 609 246 1 820 172 841 251 1 711 221 734 240 0
900220.jpg 302 159 323 176 0
900594.jpg 315 205 335 224 0
100017.jpg 806 183 831 247 1 574 201 601 246 1 702 219 725 241 0
900142.jpg 276 277 296 293 0
900083.jpg 248 280 266 296 0
900438.jpg 328 267 345 284 0
900074.jpg 241 302 262 322 0
100154.jpg 89 101 107 156 1 788 171 808 192 0
900848.jpg 378 237 402 273 1
900323.jpg 314 183 337 201 0
000124.jpg 732 289 751 310 0
000096.jpg 675 286 693 307 0
900818.jpg 100 107 122 166 1
900049.jpg 270 294 290 311 0
900845.jpg 378 255 397 282 1
000184.jpg 635 217 654 238 0
900442.jpg 320 273 342 289 0
900312.jpg 286 179 306 198 0
000269.jpg 696 212 715 233 0
900459.jpg 300 206 322 222 0
000347.jpg 740 192 759 213 0
000164.jpg 744 226 763 247 0
000179.jpg 729 243 748 264 0
100128.jpg 289 115 316 188 1 755 205 775 225 0
100247.jpg 75 93 97 169 1 738 127 759 147 0
900616.jpg 287 245 307 265 0
000046.jpg 640 291 658 309 0
900714.jpg 85 78 97 92 1 307 33 340 112 1
900683.jpg 58 153 74 177 1 352 166 375 202 1
100026.jpg 219 179 235 203 1 728 233 746 257 0
100048.jpg 1256 264 1272 295 1 741 173 762 194 0
900765.jpg 316 156 337 189 1
900797.jpg 116 127 137 155 1 68 131 94 151 1
000252.jpg 693 168 712 189 0
000281.jpg 754 231 773 252 0
100244.jpg 86 105 110 167 1 750 158 771 177 0
900796.jpg 115 126 135 152 1 70 127 92 148 1
000387.jpg 697 243 716 264 0
900147.jpg 292 206 311 222 0
900446.jpg 314 244 336 260 0
900089.jpg 221 271 239 288 0
900401.jpg 297 208 319 226 1 173 216 202 226 1 406 188 419 237 1
100130.jpg 294 100 319 170 1 754 192 779 217 0
100115.jpg 767 219 790 243 0
900443.jpg 318 268 340 284 0
000175.jpg 660 229 679 250 0
100180.jpg 281 217 300 244 1 734 228 760 248 0
000051.jpg 663 303 681 321 0
100125.jpg 292 150 317 206 1 758 210 779 230 0
900625.jpg 310 126 331 149 0
100259.jpg 72 196 94 272 1 727 256 754 278 0
900650.jpg 198 196 221 228 1
900169.jpg 283 198 302 213 0
000055.jpg 672 284 690 302 0
900186.jpg 312 193 331 209 0
900091.jpg 302 254 323 272 0
000131.jpg 727 233 746 254 0
000383.jpg 702 228 721 249 0
900318.jpg 298 202 321 220 0
100196.jpg 753 108 781 189 1 342 114 367 139 1 781 169 802 189 0
000021.jpg 668 209 686 226 0
900237.jpg 267 187 285 204 0
100076.jpg 58 150 71 175 1 352 170 371 200 1 734 237 751 256 0
900768.jpg 330 137 347 160 1
100003.jpg 597 198 620 230 1 727 227 746 246 0
100207.jpg 54 189 74 223 1 742 228 763 249 0
900630.jpg 297 127 318 146 0
900298.jpg 260 256 280 273 0
100135.jpg 309 66 335 123 1 757 169 782 189 0
100112.jpg 764 251 788 272 0
100249.jpg 69 93 91 169 1 730 119 751 140 0
900786.jpg 55 174 76 213 1
000042.jpg 679 259 699 279 0
100161.jpg 83 74 96 151 1 213 102 233 160 1 765 194 790 216 0
900483.jpg 348 233 368 253 0 374 212 391 262 1
900638.jpg 302 270 323 289 0
900820.jpg 88 100 109 167 1
900256.jpg 292 191 310 208 0
000404.jpg 736 223 755 244 0
900209.jpg 311 168 330 185 0
000007.jpg 686 250 705 270 0
900012.jpg 263 307 283 322 0
900369.jpg 255 221 278 239 0
900023.jpg 269 222 288 240 0
900125.jpg 266 262 286 281 0
900422.jpg 294 186 314 203 1
900520.jpg 324 202 346 222 0
900719.jpg 70 87 95 142 1 302 85 323 166 1
000176.jpg 751 177 770 198 0
000016.jpg 661 260 679 277 0
900735.jpg 83 79 103 148 1 217 110 235 151 1
000310.jpg 720 201 739 222 0
000372.jpg 735 214 754 235 0
900755.jpg 280 222 300 246 1 179 166 217 250 1
900492.jpg 341 232 360 254 0
900033.jpg 203 307 222 324 0
100030.jpg 205 193 223 224 1 714 236 735 256 0
900523.jpg 310 234 332 254 0
900536.jpg 348 171 370 191 0
900249.jpg 269 215 287 232 0
900272.jpg 260 241 278 259 0
900571.jpg 327 122 346 196 1 345 178 364 196 0
100170.jpg 193 137 216 209 1 740 248 762 268 0
900434.jpg 333 216 358 234 1
900464.jpg 289 188 310 212 0
000056.jpg 658 262 676 280 0
900104.jpg 268 243 287 262 0
900644.jpg 221 171 238 193 1
900603.jpg 310 243 330 262 0
100087.jpg 338 142 367 176 1 719 193 735 211 0
900263.jpg 274 230 292 247 0
900371.jpg 223 216 247 234 0
100210.jpg 55 178 75 212 1 740 223 761 241 0
100119.jpg 766 192 786 213 0
900082.jpg 285 295 302 311 0
900674.jpg 61 190 73 215 1
900020.jpg 241 208 261 227 0
900372.jpg 228 232 252 250 0
000103.jpg 698 281 716 302 0
900654.jpg 194 212 214 245 1
000260.jpg 694 178 713 199 0
900426.jpg 312 177 332 194 1
000229.jpg 748 226 767 247 0
900407.jpg 288 238 310 256 1
000228.jpg 737 166 756 187 0
000315.jpg 695 205 714 226 0
900393.jpg 271 220 293 238 1 375 178 402 244 1 145 205 169 244 1
000219.jpg 610 264 629 285 0
100046.jpg 1251 257 1267 288 1 731 177 748 199 0
900260.jpg 289 183 307 200 0
900507.jpg 327 200 349 220 0
000174.jpg 695 171 714 192 0
900165.jpg 233 226 253 243 0
900704.jpg 293 103 318 189 1
000309.jpg 764 186 783 207 0
000215.jpg 711 213 730 234 0
900390.jpg 271 222 291 238 1 378 203 399 249 1 139 204 166 240 1
900063.jpg 248 262 266 282 0
900182.jpg 260 150 278 167 0
100152.jpg 92 108 110 163 1 792 183 810 200 0
900308.jpg 313 193 333 212 0
000017.jpg 688 266 706 283 0
900808.jpg 94 212 117 254 1
900614.jpg 285 244 305 263 0
900602.jpg 312 242 332 261 0
900156.jpg 228 202 247 219 0
000045.jpg 701 286 719 304 0
900092.jpg 269 284 289 300 0
900120.jpg 309 255 327 272 0
000332.jpg 699 210 718 231 0
900676.jpg 60 181 72 206 1
100089.jpg 796 125 825 175 1 774 150 792 168 0
000376.jpg 734 219 753 240 0
900703.jpg 289 127 319 199 1
900742.jpg 68 83 93 169 1 202 98 230 176 1
900761.jpg 296 188 320 219 1
000273.jpg 709 186 728 207 0
100013.jpg 802 188 834 244 1 569 202 592 242 1 698 219 719 240 0
900254.jpg 312 231 330 248 0
100248.jpg 72 91 94 167 1 733 125 757 141 0
900114.jpg 270 236 288 250 0
900359.jpg 312 175 335 193 0
900382.jpg 161 193 188 238 1 293 226 313 245 1
900473.jpg 356 148 376 163 0 383 89 408 174 1
900566.jpg 309 168 332 220 1 332 203 349 223 0
900728.jpg 92 102 109 162 1
100083.jpg 348 140 373 167 1 722 193 747 214 0
000237.jpg 748 239 767 260 0
900350.jpg 216 181 240 199 0
100092.jpg 806 108 831 170 1 778 143 800 165 0
100200.jpg 763 103 792 192 1 788 174 805 192 0
900397.jpg 281 220 303 238 1 157 219 186 243 1 391 171 409 243 1
000048.jpg 663 265 681 283 0
900069.jpg 257 298 275 317 0
900791.jpg 64 112 85 167 1
900649.jpg 202 190 225 222 1 200 188 223 220 1
900050.jpg 237 308 253 321 0
100190.jpg 736 148 765 213 1 318 151 341 186 1 764 193 783 215 0
000361.jpg 750 191 769 212 0
000371.jpg 762 216 781 237 0
900824.jpg 74 89 93 166 1
900689.jpg 351 142 378 177 1 57 142 81 154 1
100139.jpg 83 74 99 101 1 319 69 335 118 1
000240.jpg 731 158 750 179 0
900561.jpg 315 216 335 234 0
000008.jpg 709 298 728 318 0
000403.jpg 712 197 731 218 0
900605.jpg 307 242 327 261 0
000287.jpg 651 164 670 185 0
000062.jpg 698 312 716 330 0
900109.jpg 278 268 296 284 0
000250.jpg 684 205 703 226 0
100134.jpg 304 70 332 127 1 758 172 784 191 0
900205.jpg 227 184 246 200 0
900833.jpg 73 219 89 235 1
900179.jpg 219 187 239 205 0
900021.jpg 270 237 290 254 0
000037.jpg 687 190 707 210 0
900374.jpg 218 254 242 272 0
100106.jpg 796 235 818 282 1 768 252 791 274 0
100120.jpg 766 190 788 213 0
900524.jpg 304 238 326 258 0
000187.jpg 666 221 685 242 0
000369.jpg 682 221 701 242 0
900495.jpg 339 201 360 227 0
000180.jpg 680 226 699 247 0
000130.jpg 742 258 761 279 0
900723.jpg 96 139 113 174 1
900600.jpg 315 230 335 249 0
900135.jpg 276 260 297 277 0
000263.jpg 664 210 683 231 0
000193.jpg 737 188 756 209 0
000413.jpg 773 223 792 244 0
900014.jpg 246 263 265 279 0
900167.jpg 221 242 238 257 0
000089.jpg 699 246 717 267 0
900244.jpg 258 210 276 227 0
900380.jpg 175 194 204 226 1 308 222 327 242 0
900466.jpg 285 193 306 217 0
000384.jpg 768 235 787 256 0
100027.jpg 217 187 233 211 1 726 238 745 259 0
900172.jpg 283 229 303 247 0
900508.jpg 329 192 351 212 0
900085.jpg 250 289 266 305 0
100214.jpg 63 146 83 180 1 742 207 762 230 0
000365.jpg 724 213 743 234 0
900782.jpg 57 188 74 219 1
000359.jpg 717 198 736 219 0
000061.jpg 678 288 696 306 0
900585.jpg 314 228 334 247 0
100078.jpg 349 152 373 193 1 347 150 371 191 1 731 230 752 249 0
900671.jpg 61 198 74 220 1
900576.jpg 339 103 359 188 1 360 168 378 187 0
000105.jpg 691 230 709 251 0
900330.jpg 254 224 277 242 0
100114.jpg 767 232 786 254 0
900584.jpg 314 226 334 245 0
900314.jpg 277 220 297 239 0
900403.jpg 305 238 327 256 1
900302.jpg 237 233 258 248 0
000248.jpg 678 166 697 187 0
900596.jpg 317 212 337 231 0
900574.jpg 335 105 353 185 1 352 167 372 186 0
000285.jpg 703 284 722 305 0
900690.jpg 349 139 375 173 1
900000.jpg 210 165 231 183 0
900762.jpg 302 173 322 208 1
000344.jpg 751 201 770 222 0
900421.jpg 288 193 308 210 1
000133.jpg 704 286 723 307 0
000312.jpg 737 144 756 165 0
900469.jpg 350 144 370 164 0 378 111 400 171 1
900026.jpg 255 280 276 297 0
900534.jpg 354 165 376 185 0
000214.jpg 701 260 720 281 0
900839.jpg 397 247 413 280 1
900041.jpg 253 260 271 278 0
100254.jpg 65 124 87 200 1 724 146 745 166 0
000043.jpg 661 293 681 313 0
100073.jpg 354 176 374 202 1 55 154 74 180 1 738 234 752 253 0
900107.jpg 239 284 258 303 0
900827.jpg 67 90 85 177 1
900450.jpg 309 236 331 252 0
000147.jpg 733 247 752 268 0
100151.jpg 95 110 113 165 1 794 194 813 213 0
900741.jpg 69 75 93 164 1 203 100 235 173 1
000126.jpg 688 284 707 305 0
900258.jpg 327 231 345 248 0
000360.jpg 761 230 780 251 0
900738.jpg 207 101 233 161 1 77 79 99 153 1
900046.jpg 229 265 250 283 0
000082.jpg 668 266 686 287 0
000060.jpg 676 268 694 286 0
900801.jpg 113 126 136 178 1 72 161 92 174 1
900480.jpg 356 189 376 209 0 379 130 405 219 1
900116.jpg 315 262 335 276 0
000144.jpg 694 270 713 291 0
000230.jpg 706 236 725 257 0
900553.jpg 306 238 326 256 0
000274.jpg 736 184 755 205 0
900405.jpg 296 240 318 258 1
000192.jpg 730 216 749 237 0
900449.jpg 307 236 329 252 0
900061.jpg 271 315 292 331 0
000163.jpg 717 201 736 222 0
900680.jpg 57 162 75 186 1 356 179 373 204 1
900173.jpg 232 187 253 205 0
000028.jpg 625 277 643 294 0
900608.jpg 300 245 320 264 0
900361.jpg 307 223 330 241 0
000275.jpg 731 218 750 239 0
900500.jpg 334 191 356 211 0
900108.jpg 251 227 272 245 0
900773.jpg 348 112 374 133 1
900219.jpg 296 220 317 237 0
900417.jpg 279 211 299 228 1
900077.jpg 233 265 254 281 0
900281.jpg 254 233 274 249 0
900348.jpg 267 246 290 264 0
100204.jpg 60 168 79 194 1 748 210 764 233 0
900242.jpg 253 143 271 160 0
900793.jpg 116 144 129 160 1 68 111 87 156 1
100040.jpg 1238 246 1254 274 1 203 203 219 231 1 706 204 730 226 0
900032.jpg 209 269 230 288 0
900018.jpg 244 261 261 276 0
000200.jpg 693 228 712 249 0
900716.jpg 83 73 98 105 1 311 40 340 128 1
900478.jpg 358 175 378 190 0 382 150 402 200 1
000052.jpg 663 258 681 276 0
000233.jpg 690 204 709 225 0
000394.jpg 679 229 698 250 0
100104.jpg 801 208 823 255 1 780 224 798 246 0
900319.jpg 300 217 323 235 0
100261.jpg 76 210 98 286 1 733 290 751 308 0
900713.jpg 305 37 337 111 1 85 80 98 93 1
000327.jpg 730 175 749 196 0
900148.jpg 318 230 336 245 0
900072.jpg 272 252 294 272 0
900221.jpg 256 244 277 261 0
900197.jpg 316 214 334 231 0
000210.jpg 636 188 655 209 0
000039.jpg 699 279 719 299 0
900094.jpg 265 234 283 250 0
000098.jpg 654 278 672 299 0
000101.jpg 698 329 716 350 0
100252.jpg 65 109 87 185 1 725 122 743 147 0
900670.jpg 61 194 74 216 1
900812.jpg 88 269 112 292 1
000012.jpg 694 255 713 275 0
900129.jpg 261 303 283 323 0
900785.jpg 56 178 75 217 1
900662.jpg 214 169 232 203 1
900668.jpg 64 175 78 197 1 62 173 76 195 1
000182.jpg 666 230 685 251 0
000024.jpg 696 224 714 241 0
900232.jpg 267 170 285 187 0
900458.jpg 301 212 323 228 0
000251.jpg 635 227 654 248 0
900748.jpg 189 127 218 220 1
100184.jpg 294 199 313 226 1 740 214 762 234 0
900217.jpg 323 242 340 258 0
100071.jpg 357 184 374 205 1 57 165 73 184 1 733 235 757 254 0
100018.jpg 577 201 604 246 1 811 166 840 248 1 707 220 728 242 0
100004.jpg 592 205 615 237 1 721 228 742 250 0
900807.jpg 96 209 118 244 1
100010.jpg 569 200 595 239 1 805 223 832 255 1 695 224 721 246 0
000143.jpg 685 259 704 280 0
900624.jpg 317 137 338 160 0
000286.jpg 701 226 720 247 0
900259.jpg 288 250 306 268 0
000047.jpg 656 267 674 285 0
100069.jpg 59 170 72 193 1 741 243 762 264 0
900721.jpg 61 128 84 168 1
000209.jpg 671 194 690 215 0
900346.jpg 301 188 324 206 0
100226.jpg 110 151 127 189 1
900425.jpg 311 179 331 196 1
000398.jpg 740 174 759 195 0
000183.jpg 646 239 665 260 0
900727.jpg 93 107 113 164 1
900378.jpg 317 221 340 239 0 190 190 215 221 1
900356.jpg 253 198 276 216 0
100258.jpg 70 177 92 253 1 728 227 751 251 0
900414.jpg 277 225 294 242 1
000366.jpg 721 244 740 265 0
100054.jpg 764 189 779 208 0
000109.jpg 680 247 698 268 0
900291.jpg 331 175 351 192 0
100242.jpg 100 106 124 168 1 771 192 793 211 0
100127.jpg 289 127 316 200 1 752 211 775 235 0
900623.jpg 324 148 345 171 0
000088.jpg 661 262 679 283 0
000181.jpg 662 224 681 245 0
000390.jpg 630 232 649 253 0
100108.jpg 763 271 785 296 0
900804.jpg 108 124 135 205 1
900601.jpg 313 238 333 257 0
000253.jpg 729 197 748 218 0
900315.jpg 286 210 306 229 0
900152.jpg 249 273 268 288 0
900076.jpg 272 270 291 285 0
000083.jpg 701 252 719 273 0
900745.jpg 63 181 84 190 1 195 121 224 199 1
900105.jpg 265 272 284 287 0
900850.jpg 386 247 404 274 1
900485.jpg 340 263 359 285 0 366 275 382 293 1
900223.jpg 249 214 270 231 0
900504.jpg 330 212 352 232 0
000004.jpg 674 221 693 241 0
900370.jpg 211 277 235 295 0
100094.jpg 807 109 832 171 1 782 146 806 165 0
900118.jpg 280 294 297 312 0
000358.jpg 729 216 748 237 0
900436.jpg 327 239 352 257 1
900470.jpg 352 143 372 163 0 381 106 401 170 1
100194.jpg 749 116 777 194 1 335 120 359 152 1 777 174 796 196 0
000165.jpg 734 230 753 251 0
900017.jpg 253 258 271 274 0
900725.jpg 95 119 115 169 1
100044.jpg 1247 249 1263 280 1 722 185 744 207 0
900471.jpg 354 145 374 165 0 380 101 403 171 1
900136.jpg 278 222 296 238 0
000090.jpg 706 312 724 333 0
100238.jpg 91 271 109 299 1 708 246 735 266 0
900830.jpg 68 123 85 201 1
900606.jpg 307 245 327 264 0
900121.jpg 237 282 256 300 0
900705.jpg 290 103 317 181 1
000278.jpg 719 189 738 210 0
100182.jpg 285 212 304 239 1 738 221 758 244 0
000395.jpg 681 195 700 216 0
900357.jpg 292 181 315 199 0
000231.jpg 675 213 694 234 0
000139.jpg 692 258 711 279 0
000148.jpg 697 314 716 335 0
900322.jpg 322 194 345 212 0
900163.jpg 302 246 321 262 0
000224.jpg 655 182 674 203 0
000100.jpg 648 267 666 288 0
900798.jpg 115 127 137 156 1 67 129 92 152 1
900183.jpg 310 201 328 215 0
000409.jpg 715 188 734 209 0
900781.jpg 59 185 74 207 1
000388.jpg 690 233 709 254 0
900817.jpg 107 116 124 166 1
900286.jpg 258 190 277 209 0
900102.jpg 268 228 286 244 0
000136.jpg 691 275 710 296 0
000080.jpg 683 296 701 317 0
100205.jpg 58 183 77 209 1 741 223 765 241 0
900381.jpg 168 195 197 232 1 302 228 320 244 0
900143.jpg 276 244 296 262 0
000423.jpg 713 174 732 195 0
900565.jpg 306 184 327 224 1 325 206 343 224 0
900685.jpg 58 156 73 172 1 352 164 373 198 1
100164.jpg 75 72 94 159 1 207 100 228 167 1 756 219 779 238 0
100241.jpg 102 114 124 165 1 771 199 791 216 0
100118.jpg 766 198 791 216 0
000328.jpg 691 217 710 238 0
000129.jpg 673 276 692 297 0
900460.jpg 297 197 319 213 0
100255.jpg 66 137 88 213 1 725 163 745 186 0
900582.jpg 318 210 338 229 0
900193.jpg 257 200 274 216 0
000128.jpg 696 231 715 252 0
900019.jpg 244 254 263 271 0
100085.jpg 341 138 366 165 1 722 189 742 209 0
900342.jpg 265 226 288 244 0
900696.jpg 340 132 364 174 1
900643.jpg 227 167 240 186 1
000206.jpg 775 205 794 226 0
900559.jpg 310 225 330 243 0
900612.jpg 289 247 309 266 0
100235.jpg 92 232 110 287 1 711 248 736 267 0
100201.jpg 763 108 792 197 1 786 180 808 200 0
900303.jpg 253 174 273 189 0
900578.jpg 342 121 361 189 1 362 175 379 193 0
100062.jpg 62 196 75 219 1 746 280 773 300 0
100052.jpg 762 180 777 198 0
000111.jpg 666 251 684 272 0
000303.jpg 707 245 726 266 0
900166.jpg 240 234 258 250 0
900746.jpg 58 190 83 202 1 188 131 222 209 1
900701.jpg 290 142 320 205 1
900511.jpg 329 175 351 195 0
900138.jpg 291 277 311 293 0
900113.jpg 292 295 311 312 0
100103.jpg 805 200 829 238 1 782 207 802 231 0
900103.jpg 275 270 292 285 0
900299.jpg 336 188 356 203 0
100166.jpg 68 116 90 166 1 200 102 228 177 1 749 227 772 249 0
900034.jpg 275 246 295 264 0
900686.jpg 58 152 74 167 1 350 161 373 195 1
000157.jpg 707 242 726 263 0
900547.jpg 315 242 335 260 0
900806.jpg 100 206 118 236 1
000019.jpg 671 257 689 274 0
000132.jpg 704 291 723 312 0
900266.jpg 239 286 256 301 0
900117.jpg 300 236 319 252 0
900706.jpg 292 82 320 167 1
100051.jpg 1263 278 1279 309 1 757 176 776 193 0
900558.jpg 310 227 330 245 0
900481.jpg 352 207 372 227 0 378 208 396 236 1
000119.jpg 682 246 701 267 0
000135.jpg 662 281 681 302 0
900230.jpg 259 208 277 225 0
900751.jpg 183 152 215 236 1 281 224 303 237 1
000375.jpg 765 234 784 255 0
900679.jpg 57 164 75 189 1 357 189 373 208 1
000190.jpg 713 143 732 164 0
000040.jpg 668 226 688 246 0
000194.jpg 637 239 656 260 0
900131.jpg 307 249 326 266 0
000331.jpg 735 251 754 272 0
900682.jpg 58 154 75 177 1 352 172 375 202 1
900273.jpg 273 175 291 193 0
000204.jpg 645 136 664 157 0
100148.jpg 94 133 117 172 1 797 223 815 243 0
900424.jpg 303 181 323 198 1
100167.jpg 198 112 226 187 1 747 234 768 255 0
000166.jpg 732 190 751 211 0
900772.jpg 343 116 367 136 1
100137.jpg 305 55 331 112 1
000112.jpg 686 260 705 281 0
100145.jpg 63 119 84 170 1 739 236 760 254 0
000268.jpg 735 197 754 218 0
100113.jpg 766 238 788 259 0
100222.jpg 75 127 94 157 1 115 128 134 158 1
900111.jpg 262 253 280 272 0
900757.jpg 284 214 305 244 1
900660.jpg 207 185 225 219 1
900445.jpg 318 254 340 270 0
900080.jpg 249 240 269 258 0
000058.jpg 663 264 681 282 0
000035.jpg 703 246 721 263 0
900384.jpg 285 228 305 247 1 154 196 178 236 1
100153.jpg 90 103 108 158 1 789 173 812 193 0
000033.jpg 639 270 657 287 0
900586.jpg 312 228 332 247 0
900604.jpg 308 244 328 263 0
000172.jpg 654 199 673 220 0
900190.jpg 245 197 263 215 0
900264.jpg 222 166 245 183 0
900386.jpg 279 228 296 246 1 149 198 171 239 1
000290.jpg 666 283 685 304 0
000378.jpg 676 192 695 213 0
000318.jpg 678 237 697 258 0
000138.jpg 676 298 695 319 0
100111.jpg 765 264 785 284 0
900153.jpg 311 196 330 215 0
900809.jpg 92 210 117 270 1
000412.jpg 686 231 705 252 0
000027.jpg 683 280 701 297 0
100150.jpg 96 112 114 167 1 795 199 817 218 0
900309.jpg 303 175 323 194 0
900270.jpg 270 273 288 291 0
900437.jpg 328 258 345 275 0
000345.jpg 758 207 777 228 0
900730.jpg 88 94 110 156 1
900180.jpg 254 202 273 220 0
900759.jpg 288 193 309 228 1
100088.jpg 338 147 366 183 1 713 196 735 216 0
900144.jpg 263 205 283 222 0
900569.jpg 320 146 340 207 1 340 189 360 209 0
900051.jpg 236 256 256 275 0
900037.jpg 259 280 280 299 0
000034.jpg 628 307 646 324 0
900783.jpg 58 187 72 222 1
900027.jpg 198 277 217 295 0
900030.jpg 234 302 253 318 0
000099.jpg 663 268 681 289 0
100121.jpg 764 190 786 211 0
900187.jpg 350 209 368 225 0
000127.jpg 719 292 738 313 0
900265.jpg 263 200 286 217 0
900700.jpg 293 142 323 202 1
900343.jpg 318 172 341 190 0
900444.jpg 319 265 341 281 0
100006.jpg 581 206 604 238 1 709 230 731 251 0
900177.jpg 312 189 331 207 0
100223.jpg 114 135 133 165 1 72 135 91 165 1
000094.jpg 675 278 693 299 0
900734.jpg 84 77 103 147 1 215 115 236 149 1
900794.jpg 115 130 131 155 1 73 119 88 151 1
900367.jpg 257 233 280 251 0
000324.jpg 667 221 686 242 0
900467.jpg 343 150 365 167 0 371 126 397 175 1
900326.jpg 296 216 319 234 0
900090.jpg 273 332 291 349 0
900201.jpg 307 248 327 266 0
900124.jpg 250 302 270 318 0
900352.jpg 270 242 293 260 0
100234.jpg 94 224 112 279 1 715 247 738 269 0
900562.jpg 314 215 334 233 0
900518.jpg 328 181 350 201 0
900832.jpg 69 130 88 227 1
900756.jpg 284 219 302 247 1
900618.jpg 353 208 374 231 0
900368.jpg 345 224 368 242 0
000329.jpg 673 235 692 256 0
900529.jpg 366 191 388 211 0
900269.jpg 280 246 298 264 0
000009.jpg 664 296 683 316 0
900200.jpg 183 265 201 284 0
900093.jpg 274 323 293 338 0
000417.jpg 652 213 671 234 0
100002.jpg 606 198 629 230 1 731 223 755 244 0
900175.jpg 306 235 325 254 0
900337.jpg 306 220 329 238 0
000075.jpg 704 244 722 265 0
900430.jpg 329 176 354 194 1
900799.jpg 114 126 139 164 1 62 139 91 159 1
900364.jpg 287 190 310 208 0
000117.jpg 695 243 714 264 0
000308.jpg 762 145 781 166 0
000122.jpg 704 265 723 286 0
900088.jpg 236 271 256 289 0
900375.jpg 267 251 290 269 0
900215.jpg 288 186 308 206 0
900339.jpg 246 193 269 211 0
900097.jpg 255 234 274 251 0
900503.jpg 331 208 353 228 0
900304.jpg 293 206 313 221 0
000149.jpg 717 268 736 289 0
100144.jpg 69 103 90 156 1 742 225 766 244 0
900549.jpg 313 246 333 264 0
900005.jpg 241 250 260 269 0
100110.jpg 763 268 783 290 0
100019.jpg 813 164 842 246 1 584 196 617 246 1 712 220 733 242 0
900525.jpg 366 232 388 252 0
900842.jpg 404 261 421 295 1
100049.jpg 1261 270 1277 301 1 749 173 767 196 0
100011.jpg 804 218 831 250 1 570 199 600 239 1 696 222 718 242 0
900568.jpg 317 149 335 212 1 336 194 354 213 0
900626.jpg 308 118 329 141 0
900774.jpg 352 109 376 132 1
900678.jpg 60 169 76 194 1 360 199 377 216 1
000340.jpg 655 216 674 237 0
900607.jpg 302 244 322 263 0
900532.jpg 361 171 383 191 0
900387.jpg 276 224 293 242 1 145 195 168 238 1
900708.jpg 298 69 322 146 1
900587.jpg 312 223 332 242 0
000368.jpg 667 223 686 244 0
900176.jpg 303 218 322 236 0
000010.jpg 625 221 644 241 0
000032.jpg 672 249 690 266 0
900619.jpg 345 193 366 216 0
000203.jpg 667 195 686 216 0
000262.jpg 679 141 698 162 0
100176.jpg 184 172 207 244 1 734 237 752 255 0
000256.jpg 704 195 723 216 0
900377.jpg 285 177 308 195 0
000363.jpg 719 213 738 234 0
100220.jpg 116 129 133 152 1 741 221 764 239 0
900022.jpg 288 287 307 303 0
900331.jpg 355 180 378 198 0
000115.jpg 692 225 711 246 0
900267.jpg 292 190 309 205 0
900316.jpg 302 194 325 212 0
000106.jpg 672 298 690 319 0
900261.jpg 242 186 261 203 0
000316.jpg 683 231 702 252 0
900502.jpg 332 203 354 223 0
000222.jpg 708 222 727 243 0
100084.jpg 346 139 371 166 1 723 190 743 214 0
900079.jpg 280 312 301 333 0
900064.jpg 278 244 298 260 0
900517.jpg 332 174 354 194 0
100260.jpg 73 203 95 279 1 729 271 751 290 0
900158.jpg 270 174 288 189 0
100096.jpg 807 108 832 177 1 780 148 806 171 0
100064.jpg 62 196 75 219 1 748 274 768 293 0
900279.jpg 312 191 330 209 0
000306.jpg 688 242 707 263 0
000218.jpg 653 181 672 202 0
900560.jpg 312 223 332 241 0
900819.jpg 92 106 114 167 1
000079.jpg 662 274 680 295 0
900750.jpg 284 224 303 235 1 188 141 215 234 1
000267.jpg 733 212 752 233 0
900115.jpg 247 280 268 295 0
900474.jpg 359 151 379 166 0 383 99 405 175 1
100231.jpg 95 190 113 245 1 722 247 745 267 0
000265.jpg 671 247 690 268 0
900493.jpg 342 221 361 243 0
900415.jpg 276 223 294 240 1
900140.jpg 321 200 339 219 0
900423.jpg 300 185 320 202 1
000244.jpg 675 203 694 224 0
900691.jpg 349 138 373 168 1
900541.jpg 331 213 353 233 0
900747.jpg 188 134 221 216 1 60 194 81 212 1
900234.jpg 324 131 342 148 0
900362.jpg 289 203 312 221 0
000189.jpg 659 185 678 206 0
900008.jpg 237 298 259 318 0
900123.jpg 296 261 312 277 0
900159.jpg 233 230 250 247 0
900320.jpg 290 199 313 217 0
900769.jpg 331 132 356 155 1
900516.jpg 333 164 355 184 0
900673.jpg 62 194 74 219 1
900498.jpg 341 192 357 210 0
900157.jpg 273 256 292 271 0
900128.jpg 268 275 287 291 0
900024.jpg 263 298 283 317 0
900057.jpg 234 266 253 282 0
900274.jpg 335 147 353 165 0
000357.jpg 727 200 746 221 0
100105.jpg 800 218 822 265 1 774 235 796 256 0
900029.jpg 227 327 247 346 0
000294.jpg 719 190 738 211 0
900300.jpg 220 213 241 228 0
900329.jpg 237 224 261 242 0
900127.jpg 259 262 278 279 0
100023.jpg 833 196 848 241 1 727 209 746 230 0
100230.jpg 101 182 119 237 1 723 246 747 266 0
900648.jpg 203 184 224 219 1
000325.jpg 735 187 754 208 0
900101.jpg 259 262 279 278 0
900100.jpg 240 254 257 269 0
900840.jpg 399 254 413 287 1
900257.jpg 324 193 342 210 0
000254.jpg 749 129 768 150 0
900160.jpg 324 177 344 194 0
900653.jpg 195 209 215 242 1
100050.jpg 1261 276 1277 307 1 755 174 773 193 0
900400.jpg 293 214 315 232 1 400 187 417 240 1 168 214 199 233 1
900301.jpg 226 218 247 233 0
900844.jpg 376 266 399 288 1
100124.jpg 294 149 319 205 1 760 205 778 224 0
100183.jpg 288 202 307 229 1 740 216 761 235 0
100208.jpg 55 187 75 221 1 739 227 761 248 0
000422.jpg 720 218 739 239 0
900056.jpg 250 257 267 273 0
900253.jpg 304 219 322 236 0
100093.jpg 806 108 831 170 1 777 143 801 165 0
000241.jpg 684 242 703 263 0
000003.jpg 734 212 753 233 0
900633.jpg 298 166 319 185 0
900573.jpg 332 113 353 186 1 352 169 373 185 0
000370.jpg 784 178 803 199 0
000169.jpg 736 194 755 215 0
900360.jpg 285 198 308 216 0
900694.jpg 342 128 369 166 1
900290.jpg 309 189 329 206 0
900732.jpg 88 82 105 150 1 222 137 240 147 1
900031.jpg 245 249 265 268 0
900758.jpg 288 208 307 237 1
900828.jpg 68 86 86 184 1
000326.jpg 757 173 776 194 0
100066.jpg 62 188 75 211 1 748 263 767 282 0
900792.jpg 65 119 87 164 1
100142.jpg 77 95 98 126 1 749 203 777 225 0
000026.jpg 689 257 707 274 0
900720.jpg 69 89 95 151 1
000186.jpg 723 209 742 230 0
000213.jpg 661 211 680 232 0
100191.jpg 325 145 345 176 1 741 144 772 209 1 765 190 785 207 0
100163.jpg 208 102 234 169 1 76 71 95 158 1 760 213 781 234 0
000160.jpg 690 204 709 225 0
000225.jpg 720 171 739 192 0
000054.jpg 648 281 666 299 0
100251.jpg 65 100 87 176 1 727 118 749 140 0
900570.jpg 324 130 343 201 1 344 184 360 201 0
900509.jpg 329 187 351 207 0
900722.jpg 58 134 81 180 1
000025.jpg 692 297 710 314 0
000270.jpg 648 222 667 243 0
900344.jpg 275 229 298 247 0
900262.jpg 276 286 294 303 0
900575.jpg 337 102 357 186 1 357 168 375 187 0
100074.jpg 57 153 74 177 1 353 172 373 204 1
000029.jpg 621 212 639 229 0
000282.jpg 714 249 733 270 0
100221.jpg 117 132 134 155 1 74 131 91 154 1
100042.jpg 1240 242 1256 270 1 210 187 235 218 1 710 196 732 216 0
900429.jpg 324 174 349 192 1
900629.jpg 299 116 320 136 0
900592.jpg 314 206 334 225 0
100175.jpg 183 168 206 240 1 735 238 755 257 0
900161.jpg 334 209 354 223 0
900677.jpg 60 180 71 198 1
900540.jpg 333 205 355 225 0
900305.jpg 323 204 343 219 0
900501.jpg 332 195 354 215 0
900567.jpg 309 156 334 216 1 335 197 352 215 0
900227.jpg 285 250 303 268 0
000226.jpg 698 229 717 250 0
900770.jpg 337 126 363 147 1
900044.jpg 275 285 295 305 0
000167.jpg 682 224 701 245 0
000419.jpg 665 197 684 218 0
900789.jpg 60 145 77 187 1
000107.jpg 682 277 700 298 0
900086.jpg 243 269 264 286 0
000276.jpg 737 230 756 251 0
900838.jpg 394 247 409 279 1
000349.jpg 752 262 771 283 0
900681.jpg 59 157 73 182 1 353 174 372 202 1
900154.jpg 227 218 246 236 0
900241.jpg 192 183 211 200 0
900229.jpg 204 246 223 263 0
000235.jpg 714 187 733 208 0
000120.jpg 667 281 686 302 0
100199.jpg 764 101 793 190 1 788 172 804 191 0
900533.jpg 357 166 379 186 0
900737.jpg 79 76 101 152 1 214 103 236 157 1
100218.jpg 117 133 134 156 1 743 208 765 231 0
100058.jpg 760 243 778 264 0
900490.jpg 338 252 357 274 0
100211.jpg 59 173 79 207 1 739 217 760 236 0
000092.jpg 674 198 692 219 0
100109.jpg 763 269 786 292 0
900522.jpg 315 224 337 244 0
000221.jpg 673 213 692 234 0
900432.jpg 332 191 357 209 1
900345.jpg 339 235 362 253 0
900692.jpg 348 128 371 166 1
100219.jpg 120 131 137 154 1 744 213 766 238 0
900355.jpg 251 231 274 249 0
900245.jpg 244 249 263 267 0
900519.jpg 329 189 351 209 0
900776.jpg 349 115 382 135 1
100008.jpg 575 200 601 239 1 702 228 725 249 0
900150.jpg 306 193 324 209 0
900675.jpg 62 187 74 212 1
100047.jpg 1255 265 1271 296 1 739 174 759 199 0
000238.jpg 662 271 681 292 0
900548.jpg 313 247 333 265 0
900164.jpg 253 230 272 245 0
000246.jpg 696 248 715 269 0
000154.jpg 717 273 736 294 0
100243.jpg 91 106 115 168 1 760 175 782 197 0
100237.jpg 93 272 111 300 1 712 247 736 266 0
000348.jpg 730 171 749 192 0
000334.jpg 688 255 707 276 0 686 253 705 274 0
900238.jpg 306 250 324 268 0
900538.jpg 342 186 364 206 0
900162.jpg 313 164 335 181 0
000410.jpg 705 193 724 214 0
100233.jpg 97 218 115 273 1 717 244 740 268 0
100123.jpg 296 160 320 199 1 759 199 782 215 0
900354.jpg 261 242 284 260 0
000341.jpg 665 231 684 252 0
900011.jpg 267 256 285 275 0
100179.jpg 280 219 299 246 1 735 227 756 248 0
900641.jpg 389 283 402 301 1
100032.jpg 198 205 216 236 1 706 233 729 252 0
900491.jpg 340 237 359 259 0
100025.jpg 223 174 239 198 1 221 172 237 196 1 735 235 752 258 0
900634.jpg 299 188 320 207 0
100102.jpg 806 155 830 221 1 781 187 802 213 0
000385.jpg 730 186 749 207 0
900564.jpg 325 208 345 226 0 306 203 327 224 1
000185.jpg 709 195 728 216 0
900788.jpg 61 147 78 194 1
900627.jpg 303 116 324 139 0
100016.jpg 571 200 596 243 1 808 180 833 244 1 702 220 721 241 0
900236.jpg 279 198 297 215 0
900597.jpg 318 214 338 233 0
900402.jpg 309 233 331 251 1
100155.jpg 89 99 105 154 1 785 165 807 187 0
900070.jpg 243 293 263 311 0
900451.jpg 306 236 328 252 0
100082.jpg 349 141 375 169 1 724 198 747 219 0
900071.jpg 241 268 260 285 0
100129.jpg 291 109 318 182 1 755 201 776 220 0
900185.jpg 219 137 238 153 0
900389.jpg 273 220 290 238 1 142 196 166 240 1 374 214 401 252 1
100160.jpg 214 111 233 150 1 85 75 98 152 1 769 187 794 208 0
000011.jpg 633 253 652 273 0
000307.jpg 699 173 718 194 0
900358.jpg 310 211 333 229 0
100186.jpg 301 182 320 209 1 752 206 768 224 0
900095.jpg 243 301 264 320 0
900268.jpg 284 235 301 250 0
900489.jpg 338 264 357 286 0
100157.jpg 87 97 103 152 1 218 126 236 150 1 780 168 798 187 0
900038.jpg 273 280 293 298 0
100091.jpg 801 120 825 171 1 778 142 795 164 0
900004.jpg 237 254 258 272 0
000304.jpg 696 272 715 293 0
900717.jpg 78 77 96 110 1 307 64 338 135 1
100035.jpg 195 215 213 246 1 1235 271 1256 296 1 701 226 722 247 0
100001.jpg 608 193 631 225 1 740 222 759 242 0
100169.jpg 195 121 219 199 1 742 242 761 263 0
900767.jpg 323 146 345 172 1
900651.jpg 196 202 216 235 1
900712.jpg 304 36 340 113 1
900211.jpg 279 237 299 257 0
000418.jpg 657 231 676 252 0
900292.jpg 302 177 322 194 0
100101.jpg 806 148 833 212 1 782 184 802 207 0
000258.jpg 731 251 750 272 0
000161.jpg 711 268 730 289 0
900787.jpg 57 162 76 204 1
000264.jpg 684 208 703 229 0
900665.jpg 72 148 82 159 1
900222.jpg 233 248 254 265 0
900096.jpg 255 276 275 296 0
100090.jpg 801 122 825 173 1 773 147 794 166 0
900666.jpg 72 153 82 164 1
100213.jpg 62 155 82 189 1 740 209 761 227 0
900218.jpg 233 273 254 290 0
100174.jpg 185 164 208 236 1 735 241 761 258 0
900657.jpg 197 204 219 241 1
900376.jpg 293 220 316 238 0
900296.jpg 307 253 327 270 0
900084.jpg 247 288 268 304 0
900661.jpg 210 180 228 214 1
900816.jpg 108 122 134 164 1
900206.jpg 294 173 311 190 0
100116.jpg 767 207 792 228 0
900391.jpg 270 220 290 236 1 142 204 168 241 1 373 188 400 246 1
100000.jpg 615 192 638 224 1 748 220 766 239 0
000377.jpg 720 236 739 257 0
900803.jpg 108 125 135 199 1
900419.jpg 281 200 301 217 1
900410.jpg 283 233 300 250 1
900196.jpg 285 216 304 233 0
900729.jpg 90 94 107 157 1
000223.jpg 665 196 684 217 0
900009.jpg 200 223 219 242 0
900392.jpg 273 222 291 238 1 142 203 168 242 1 374 185 399 244 1
900825.jpg 71 87 89 171 1
000001.jpg 638 167 656 183 0 636 165 654 181 0
900194.jpg 235 215 252 231 0
100055.jpg 760 200 783 221 0
900497.jpg 341 193 357 211 0
900365.jpg 276 194 299 212 0
100079.jpg 350 148 375 184 1 729 219 751 238 0
000227.jpg 711 203 730 224 0
000173.jpg 700 251 719 272 0
100209.jpg 55 183 75 217 1 738 222 759 242 0
900416.jpg 278 215 296 232 1
900073.jpg 267 263 287 282 0
900733.jpg 217 127 241 149 1 88 81 104 148 1
900134.jpg 308 246 327 263 0
900813.jpg 92 273 115 296 1
000118.jpg 692 269 711 290 0
000279.jpg 751 194 770 215 0
000317.jpg 742 220 761 241 0
900655.jpg 194 208 216 245 1
900099.jpg 242 193 257 212 0
000134.jpg 734 253 753 274 0
900394.jpg 273 220 295 238 1 148 213 175 243 1 378 176 404 244 1
900805.jpg 104 122 133 219 1
